-758
-3599
-3896
-5026
-1953
-3890
-2247
-1425
-1763
-2567
-3598
-1706
-1242
-1275
-3343
-1354
-546
-1469
-4739
-213
-417
-117
-19
-223
-16
-119
-26
-10
-111
-221
-211
-319
-212
-11
-117
-21
-112
-114
-14
-111
-118
-114
-226
-13
-12
-13
-20
-113
-111
-16
-11
-10
-112
-16
-10
-114
-13
-9
-10
-17
-20
-12
-9
-113
-11
-216
-20
-232
-14
-28
-12
-127
-218
-151
-33
-19
-15
-12
-83
-15
-12
-13
-25
-9
-9
-9
-13
-9
-19
-20
-12
-119
-13
-10
-10
-12
-10
-14
-11
-9
-13
-14
-20
-9
-10
-17
-215
-20
-14
-320
-234
-11
-15
-13
-117
-11
-11
-12
-11
-11
-13
-10
-11
-43
-10
-11
-113
-9
-9
-12
-100
-82
-21
-24
-31
-11
-113
-12
-9
-10
-10
-9
-17
-13
-10
-11
-12
-9
-13
-11
-118
-135
-14
-12
-124
-113
-13
-16
-14
-33
-22
-114
-9
-13
-15
-13
-12
-9
-10
-113
-11
-10
-12
-11
-16
-16
-10
-111
-14
-10
-11
-18
-18
-19
-10
-15
-11
-10
-11
-10
-9
-11
-12
-11
-9
-10
-11
-10
-12
-10
-10
-9
-10
-11
-11
-11
-12
-9
-9
-10
-9
-9
-111
-9
-10
-9
-10
-10
-9
-10
-10
-11
-11
-10
-29
-10
-10
-9
-9
-11
-12
-112
-14
-111
-11
-11
-10
-11
-12
-16
-9
-9
-9
-10
-9
-11
-10
-12
-11
-11
-9
-12
-11
-11
-10
-9
-9
-10
-112
-13
-10
-13
-11
-11
-12
-10
-12
-11
-10
-9
-12
-13
-13
-14
-15
-13
-11
-11
-12
-15
-10
-9
-11
-15
-10
-11
-12
-10
-13
-10
-10
-12
-9
-12
-9
-10
-9
-11
-11
-9
-10
-11
-11
-30
-9
-13
-32
-11
-13
-9
-10
-11
-9
-12
-14
-9
-10
-114
-11
-16
-10
-10
-11
-12
-9
-14
-14
-14
-9
-10
-11
-22
-12
-9
-10
-9
-11
-12
-9
-9
-10
-9
-13
-10
-11
-11
-11
-11
-9
-10
-10
-9
-12
-9
-12
-12
-9
-10
-11
-12
-12
-17
-9
-10
-12
-11
-9
-11
-10
-10
-11
-9
-11
-11
-13
-9
-9
-10
-10
-10
-11
-13
-9
-9
-12
-12
-10
-13
-9
-11
-10
-10
-10
-11
-10
-12
-11
-14
-9
-9
-9
-9
-10
-11
-12
-11
-11
-11
-12
-11
-12
-10
-11
-10
-9
-10
-9
-9
-10
-10
-14
-9
-9
-9
-10
-114
-9
-12
-12
-13
-13
-11
-10
-11
-9
-11
-9
-9
-11
-9
-10
-12
-14
-10
-9
-13
-9
-14
-9
-10
-11
-10
-11
-11
-9
-10
-10
-11
-12
-11
-11
-14
-12
-10
-13
-13
-10
-11
-12
-11
-9
-14
-22
-12
-12
-11
-9
-10
-9
-10
-14
-10
-9
-10
-10
-12
-10
-10
-10
-11
-10
-9
-12
-11
-11
-10
-11
-9
-10
-9
-9
-10
-21
-10
-13
-11
-11
-9
-11
-10
-9
-9
-11
-9
-13
-11
-10
-19
-13
-9
-9
-9
-10
-12
-13
-11
-9
-11
-10
-10
-10
-9
-112
-12
-10
-10
-12
-9
-10
-11
-9
-9
-16
-9
-10
-11
-14
-10
-14
-11
-12
-10
-10
-10
-9
-10
-11
-11
-11
-9
-11
-14
-10
-117
-12
-120
-11
-9
-12
-9
-11
-31
-12
-10
-10
-9
-13
-10
-9
-11
-15
-10
-9
-10
-11
-12
-9
-9
-11
-12
-12
-13
-11
-9
-10
-9
-12
-9
-13
-10
-10
-10
-10
-14
-12
-9
-9
-10
-13
-10
-9
-9
-10
-11
-9
-9
-10
-9
-9
-10
-10
-10
-11
-9
-9
-11
-10
-10
-13
-11
-11
-11
-10
-9
-9
-9
-10
-11
-30
-21
-9
-9
-11
-10
-10
-9
-10
-111
-9
-12
-10
-12
-10
-13
-28
-40
-21
-31
-18
-14
-12
-11
-9
-10
-16
-10
-13
-12
-10
-9
-9
-10
-10
-12
-9
-10
-9
-11
-10
-11
-13
-16
-10
-15
-9
-10
-11
-10
-9
-10
-9
-13
-11
-10
-11
-11
-11
-11
-14
-9
-10
-11
-11
-10
-13
-9
-14
-11
-10
-11
-13
-10
-13
-9
-11
-11
-11
-10
-10
-10
-11
-10
-9
-9
-10
-10
-9
-9
-12
-12
-9
-9
-12
-10
-10
-9
-10
-10
-10
-9
-9
-13
-17
-12
-9
-9
-13
-9
-13
-10
-14
-15
-11
-9
-10
-14
-109
-9
-11
-25
-18
-10
-10
-10
-10
-9
-9
-9
-10
-9
-10
-9
-9
-11
-9
-10
-10
-12
-10
-10
-11
-11
-9
-10
-18
-9
-10
-10
-9
-10
-10
-10
-9
-10
-13
-14
-12
-11
-11
-12
-10
-10
-10
-11
-12
-10
-12
-9
-11
-10
-9
-11
-10
-10
-12
-9
-10
-10
-11
-11
-11
-10
-9
-11
-19
-9
-10
-12
-13
-12
-12
-11
-11
-13
-10
-10
-9
-10
-10
-9
-11
-10
-12
-12
-10
-12
-11
-11
-11
-9
-15
-11
-9
-10
-11
-10
-10
-12
-12
-11
-10
-9
-9
-10
-11
-10
-12
-10
-111
-11
-10
-11
-11
-9
-13
-16
-10
-9
-11
-10
-9
-12
-11
-9
-10
-11
-9
-19
-12
-9
-10
-10
-12
-10
-10
-12
-9
-9
-9
-12
-9
-12
-9
-9
-12
-10
-12
-11
-11
-12
-10
-11
-10
-11
-11
-10
-10
-10
-9
-10
-10
-10
-11
-10
-9
-9
-10
-10
-11
-11
-9
-10
-10
-11
-11
-9
-10
-9
-9
-9
-10
-13
-9
-10
-12
-10
-11
-12
-10
-10
-11
-9
-10
-10
-11
-9
-10
-9
-10
-9
-10
-11
-10
-10
-9
-10
-11
-9
-12
-12
-19
-9
-11
-10
-11
-10
-9
-11
-16
-17
-9
-11
-15
-12
-10
-11
-9
-10
-10
-9
-10
-12
-10
-9
-9
-11
-9
-9
-11
-11
-9
-9
-9
-9
-10
-9
-10
-10
-12
-9
-12
-9
-10
-10
-12
-10
-10
-12
-10
-10
-9
-11
-10
-10
-10
-9
-11
-10
-10
-9
-9
-10
-9
-11
-14
-11
-18
-11
-11
-9
-10
-11
-10
-11
-11
-9
-12
-10
-11
-10
-9
-9
-10
-11
-9
-12
-10
-11
-11
-10
-10
-10
-11
-10
-9
-9
-10
-10
-11
-11
-9
-9
-10
-9
-10
-11
-9
-9
-11
-10
-10
-10
-13
-9
-12
-10
-9
-10
-10
-10
-12
-9
-9
-9
-10
-10
-10
-10
-10
-11
-9
-10
-10
-9
-10
-10
-10
-10
-9
-9
-12
-12
-9
-10
-9
-11
-9
-10
-10
-9
-9
-10
-10
-11
-12
-11
-9
-9
-11
-11
-9
-9
-10
-11
-9
-10
-10
-11
-10
-10
-9
-9
-10
-111
-9
-10
-10
-10
-10
-12
-10
-10
-11
-11
-9
-11
-11
-9
-11
-9
-9
-10
-10
-12
-9
-10
-10
-12
-11
-9
-10
-12
-9
-9
-9
-11
-9
-9
-9
-12
-11
-11
-9
-11
-12
-10
-10
-12
-11
-11
-13
-11
-12
-12
-11
-9
-9
-12
-10
-9
-10
-9
-9
-11
-10
-10
-11
-11
-10
-11
-14
-14
-11
-9
-11
-16
-9
-11
-9
-10
-9
-11
-9
-9
-9
-14
-22
-13
-11
-11
-10
-10
-10
-12
-11
-10
-11
-9
-11
-10
-9
-12
-10
-9
-10
-10
-9
-9
-9
-10
-9
-12
-11
-9
-10
-10
-9
-10
-13
-9
-9
-9
-10
-10
-10
-10
-10
-9
-10
-10
-11
-11
-10
-10
-11
-10
-9
-14
-10
-10
-12
-9
-12
-11
-10
-11
-15
-11
-10
-11
-11
-10
-10
-10
-10
-10
-10
-9
-9
-10
-9
-10
-10
-9
-11
-10
-10
-9
-12
-9
-10
-11
-10
-10
-10
-9
-10
-10
-15
-10
-14
-10
-10
-9
-10
-11
-10
-10
-12
-11
-10
-11
-9
-11
-9
-11
-9
-11
-9
-11
-9
-9
-9
-9
-9
-9
-9
-12
-10
-10
-10
-10
-9
-10
-10
-9
-9
-13
-10
-10
-12
-12
-11
-11
-11
-11
-10
-12
-10
-11
-11
-9
-11
-10
-9
-12
-10
-9
-10
-11
-9
-10
-12
-9
-9
-9
-13
-10
-10
-9
-10
-10
-9
-11
-9
-9
-10
-9
-10
-11
-12
-10
-9
-10
-11
-9
-10
-10
-11
-10
-10
-11
-10
-10
-10
-9
-10
-10
-10
-10
-11
-11
-10
-10
-10
-10
-10
-11
-13
-10
-11
-11
-11
-11
-10
-9
-11
-9
-9
-11
-9
-10
-10
-9
-11
-11
-10
-9
-11
-9
-9
-9
-10
-9
-10
-9
-12
-10
-10
-10
-10
-10
-9
-9
-10
-12
-9
-9
-10
-11
-9
-10
-10
-11
-10
-13
-10
-11
-10
-9
-10
-12
-9
-9
-9
-9
-11
-11
-11
-9
-10
-10
-12
-11
-13
-11
-12
-10
-12
-11
-11
-9
-11
-11
-9
-11
-12
-10
-12
-12
-11
-9
-10
-9
-9
-10
-9
-10
-10
-12
-11
-10
-9
-11
-10
-10
-10
-11
-10
-9
-9
-10
-11
-10
-11
-9
-11
-9
-11
-12
-9
-9
-9
-13
-9
-9
-12
-10
-11
-11
-10
-9
-11
-12
-10
-9
-11
-10
-9
-9
-10
-11
-10
-10
-10
-10
-9
-11
-10
-11
-11
-9
-9
-12
-10
-10
-11
-12
-9
-11
-11
-11
-9
-9
-11
-9
-10
-9
-10
-9
-10
-11
-9
-10
-9
-9
-10
-10
-10
-11
-11
-9
-9
-9
-9
-11
-9
-9
-12
-9
-10
-10
-11
-9
-12
-11
-9
-10
-10
-10
-9
-11
-9
-10
-10
-12
-12
-9
-12
-10
-13
-9
-10
-9
-10
-10
-13
-9
-11
-10
-9
-11
-9
-12
-9
-10
-13
-9
-9
-9
-10
-10
-9
-11
-9
-9
-10
-11
-11
-10
-11
-9
-10
-11
-10
-9
-10
-9
-10
-11
-9
-10
-11
-15
-9
-9
-10
-9
-10
-10
-12
-10
-10
-11
-10
-9
-9
-9
-9
-11
-11
-10
-11
-9
-10
-12
-10
-9
-9
-9
-10
-10
-10
-9
-11
-9
-10
-11
-11
-10
-10
-10
-11
-10
-10
-9
-12
-10
-9
-12
-10
-9
-9
-9
-10
-11
-10
-10
-9
-9
-9
-10
-9
-10
-9
-10
-11
-11
-9
-10
-9
-9
-10
-10
-10
-12
-12
-13
-11
-10
-11
-18
-9
-11
-11
-11
-10
-10
-9
-9
-10
-11
-11
-9
-10
-9
-11
-11
-10
-88
-20
-20
-23
-19
-15
-10
-10
-9
-12
-11
-9
-12
-9
-10
-10
-9
-10
-10
-9
-9
-10
-9
-10
-10
-9
-10
-10
-13
-9
-10
-11
-10
-9
-12
-9
-9
-10
-12
-10
-10
-10
-11
-10
-10
-9
-9
-9
-12
-11
-11
-10
-10
-9
-11
-10
-10
-10
-10
-9
-9
-9
-9
-12
-10
-10
-11
-10
-10
-9
-12
-10
-11
-12
-9
-9
-10
-11
-10
-10
-9
-10
-10
-10
-10
-9
-9
-9
-9
-10
-9
-11
-10
-9
-11
-10
-10
-11
-9
-10
-10
-9
-9
-11
-11
-11
-13
-9
-10
-11
-9
-10
-9
-9
-9
-10
-9
-10
-9
-10
-9
-10
-12
-10
-10
-11
-14
-10
-9
-9
-9
-10
-9
-10
-11
-10
-12
-12
-11
-10
-9
-10
-9
-12
-11
-10
-10
-9
-13
-10
-9
-9
-9
-12
-10
-10
-12
-9
-9
-12
-10
-12
-9
-11
-9
-10
-11
-9
-11
-9
-10
-10
-9
-10
-10
-10
-10
-11
-10
-9
-10
-12
-9
-11
-12
-11
-9
-11
-9
-9
-10
-11
-13
-10
-9
-10
-11
-10
-10
-10
-10
-10
-10
-11
-12
-9
-9
-10
-11
-10
-9
-10
-11
-11
-10
-10
-9
-9
-11
-9
-9
-10
-11
-9
-10
-11
-12
-10
-10
-9
-9
