-2218
-8632
-3167
-6263
-753
-823
-3708
-2165
-870
-5033
-2027
-2920
-830
-3579
-2396
-1549
-1226
-6249
-2655
-2859
-693
-948
-806
-711
-24
-1265
-271
-429
-490
-1421
-556
-24
-496
-649
-466
-326
-278
-162
-528
-51
-222
-150
-430
-338
-44
-319
-83
-533
-14
-245
-134
-215
-111
-111
-116
-25
-61
-102
-245
-188
-34
-52
-382
-247
-49
-232
-34
-97
-39
-81
-127
-508
-50
-796
-317
-246
-746
-36
-172
-395
-66
-43
-41
-26
-291
-222
-237
-314
-522
-57
-54
-73
-34
-44
-84
-72
-110
-62
-39
-26
-145
-60
-61
-2403
-24
-66
-52
-28
-219
-50
-225
-11
-24
-527
-13
-11
-14
-1265
-440
-361
-103
-37
-153
-58
-437
-43
-28
-34
-37
-247
-331
-370
-69
-674
-167
-850
-37
-748
-248
-87
-103
-57
-35
-574
-124
-24
-1392
-177
-388
-570
-164
-276
-240
-98
-41
-145
-90
-25
-60
-608
-32
-433
-27
-4478
-480
-91
-261
-620
-111
-129
-29
-14
-10
-402
-1156
-95
-152
-11
-32
-116
-114
-50
-131
-2009
-401
-319
-24
-129
-534
-165
-141
-2735
-5270
-142
-24
-24
-24
-178
-40
-27
-28
-26
-24
-24
-27
-39
-36
-33
-315
-58
-36
-28
-22
-24
-22
-483
-65
-30
-28
-142
-31
-25
-28
-30
-70
-235
-383
-191
-84
-145
-1443
-1042
-35
-76
-74
-925
-42
-205
-30
-65
-29
-18406
-2143
-493
-934
-87
-87
-1008
-15
-237
-1349
-254
-33
-295
-341
-20
-161
-40
-67
-123
-222
-12
-14
-13
-129
-10
-10
-8
-112
-8
-9
-8
-9
-17
-9
-9
-10
-9
-8
-32
-9
-459
-11
-132
-34
-15
-11
-111
-16
-11
-22
-11
-12
-11
-19
-9
-111
-14
-11
-1892
-241
-5610
-110
-29
-422
-79
-28
-191
-31
-117
-34
-29
-151
-44
-26
-535
-25
-24
-750
-67
-140
-114
-24
-129
-94
-46
-157
-22
-22
-120
-24
-24
-24
-22
-24
-22
-22
-67
-105
-22
-24
-24
-273
-26
-22
-219
-30
-53
-51
-32
-26
-57
-26
-28
-27
-182
-28
-1442
-83
-31
-30
-44
-24
-24
-24
-28
-26
-56
-30
-26
-28
-24
-58
-53
-22
-23
-168
-698
-120
-96
-36
-28
-24
-30
-29
-26
-3670
-28
-24
-24
-38
-24
-24
-24
-84
-28
-1378
-27
-28
-28
-26
-24
-88
-44
-278
-58
-90
-46
-33
-38
-22
-102
-28
-84
-22
-24
-28
-22
-22
-22
-22
-22
-22
-24
-22
-22
-22
-22
-22
-24
-26
-22
-22
-22
-25
-26
-24
-29
-28
-39
-28
-40
-1588
-269
-341
-34
-207
-26
-30
-27
-35
-22
-22
-23
-23
-32
-22
-23
-24
-22
-22
-22
-110
-22
-40
-22
-278
-24
-22
-22
-22
-22
-927
-150
-24
-70
-28
-43
-22
-265
-28
-40
-22
-22
-24
-22
-50
-24
-26
-76
-22
-22
-22
-24
-22
-23
-22
-24
-22
-24
-22
-22
-22
-26
-24
-36
-24
-27
-27
-26
-24
-36
-33
-78
-24
-96
-25
-50
-26
-24
-24
-29
-36
-26
-25
-80
-24
-24
-24
-24
-24
-26
-24
-24
-49
-24
-24
-27
-1584
-27
-40
-23
-23
-22
-23
-22
-41
-22
-383
-35
-95
-26
-23
-22
-22
-23
-22
-22
-26
-26
-26
-30
-22
-22
-30
-22
-24
-22
-22
-22
-781
-25
-67
-77
-26
-22
-22
-22
-22
-22
-22
-22
-22
-45
-24
-24
-22
-52
-268
-25
-32
-24
-22
-22
-22
-24
-22
-12296
-3338
-1057
-249
-201
-50090
-1612
-51
-48
-66
-22
-22
-22
-22
-22
-49
-26
-22
-22
-22
-32
-70
-254
-28
-22
-22
-38
-23
-23
-22
-22
-132
-24
-766
-172
-194
-424
-1055
-485
-26
-57
-24
-142
-228
-26
-465
-2024
-1607
-254
-22
-22
-22
-22
-22
-22
-22
-22
-50
-56
-58
-326
-78
-23
-22
-22
-22
-22
-50
-22
-22
-89
-119
-791
-23
-22
-23
-24
-52
-4519
-63565
-100
-34
-25
-23
-22
-22
-30
-22
-23
-22
-22
-22
-22
-24
-22
-568
-22
-22
-22
-24
-24
-22
-22
-22
-22
-22
-22
-22
-22
-22
-22
-22
-25
-23
-22
-22
-22
-22
-22
-24
-22
-25
-10967
-540
-38
-1922
-138
-55
-35
-169
-179
-47
-30
-49
-129
-302
-31
-118
-185
-41
-215
-31
-71
-137
-89
-34
-34
-28
-32
-28
-28
-27
-27
-29
-28
-27
-278
-26
-27
-133
-34
-214
-34
-32
-32
-37
-26
-26
-42
-29
-29
-26
-26
-34
-399
-2202
-24
-24
-24
-24
-24
-24
-24
-24
-24
-24
-24
-25
-24
-30
-24
-238
-176
-26
-24
-25
-32
-24
-26
-24
-24
-24
-24
-24
-24
-26
-180
-26
-52
-22
-22
-11276
-3192
-2105
-29
-25
-25
-33
-33
-27
-178
-33
-31
-36
-224
-25
-24
-26
-24
-152
-58545
-634
-36
-27
-25
-30
-51
-65
-31
-27
-133
-660
-36
-32
-31
-82
-83
-27
-32
-25
-94
-26
-227
-32
-40
-26
-26
-28
-26
-26
-40
-26
-26
-26
-26
-26
-26
-26
-57
-644
-54
-157
-30
-34
-26
-26
-26
-5451
-26
-200
-38
-26
-1117
-222
-24
-22
-22
-22
-22
-13638
-22
-22
-22
-22
-101
-218
-22
-22
-162
-12917
-71
-24
-24
-24
-26
-24
-24
-24
-24
-92
-1189
-601
-28
-26
-112
-412
-26
-27
-27
-28
-26
-26
-36
-1237
-58
-24
-26
-24
-587
-24
-25
-36
-24
-94047
-1060
-67
-24
-24
-24
-24
-24
-29
-27
-26
-24
-24
-24
-24
-24
-24
-26
-24
-24
-24
-24
-24
-26
-24
-24
-24
-24
-24
-24
-292
-58
-24
-10182
-339
-524
-234
-25
-24
-675
-119533
-19245
-2485
-508
-40
-24
-24
-34
-24
-53
-24
-24
-358
-24
-24
-75172
-1555
-347
-779
-24
-24
-24
-24
-24
-52
-24
-24
-24
-24
-24
-24
-24
-24
-24
-24
-24
-24
-24
-24
-24
-24
-24
-24
-24
-24
-24
-24
-24
-24
-24
-24
-24
-24
-24
-24
-24
-24
-24
-24
-24
-24
-24
-24
-24
-24
-24
-24
-24
-24
-24
-24
-24
-24
-24
-24
-24
-24
-24
-24
-24
-24
-24
-24
-24
-24
-24
-24
-24
-24
-24
-24
-24
-24
-24
-24
-24
-24
-24
-24
-24
-24
-24
-24
-24
-24
-24
-24
-24
-24
-24
-24
-24
-24
-24
-24
-24
-24
-24
-24
-24
-24
-24
-24
-24
-24
-24
-24
-24
-24
-24
-24
-24
-24
-24
-24
-24
-24
-24
-24
-24
-24
-24
-24
-24
-24
-24
-24
-24
-24
-24
-24
-24
-24
-24
-24
-24
-24
-24
-24
-24
-24
-24
-24
-24
-24
-24
-24
-24
-24
-24
-24
-24
-24
-24
-24
-24
-24
-24
-24
-24
-24
-24
-24
-24
-24
-24
-24
-24
-24
-24
-24
-24
-24
-24
-24
-24
-24
-24
-24
-24
-24
-24
-24
-24
-24
-24
-24
-24
-24
-24
-24
-24
-24
-24
-24
-24
-24
-24
-24
-24
-24
-24
-24
-24
-24
-24
-24
-24
-24
-24
-24
-24
-24
-24
-24
-24
-24
-24
-24
-24
-24
-24
-24
-24
-24
-24
-24
-24
-24
-24
-24
-24
-24
-24
-24
-24
-24
-24
-24
-24
-24
-24
-24
-24
-24
-24
-24
-24
-24
-24
-24
-24
-24
-24
-24
-24
-24
-24
-24
-24
-24
-24
-24
-24
-24
-24
-24
-24
-24
-24
-24
-24
-24
-24
-24
-24
-24
-24
-24
-24
-24
-24
-24
-24
-24
-24
-24
-24
-24
-24
-24
-24
-24
-24
-24
-24
-24
-24
-24
-24
-24
-24
-24
-24
-24
-24
-24
-24
-24
-24
-24
-24
-24
-24
-24
-24
-24
-24
-24
-24
-24
-24
-24
-24
-24
-24
-24
-24
-24
-24
-24
-24
-24
-24
-24
-24
-24
-24
-24
-24
-24
-24
-24
-24
-24
-24
-24
-24
-24
-24
-24
-24
-24
-24
-24
-24
-24
-24
-24
-24
-24
-24
-24
-24
-24
-24
-24
-24
-24
-24
-24
-24
-24
-24
-24
-24
-24
-24
-24
-24
-24
-24
-24
-24
-24
-24
-24
-24
-24
-24
-24
-24
-24
-24
-24
-24
-24
-24
-24
-24
-24
-24
-24
-24
-24
-24
-24
-24
-24
-24
-24
-24
-24
-24
-24
-24
-24
-24
-24
-24
-24
-24
-24
-24
-24
-24
-24
-24
-24
-24
-24
-24
-24
-24
-24
-24
-24
-24
-24
-24
-24
-24
-24
-24
-24
-24
-24
-24
-24
-24
-24
-24
-24
-24
-24
-24
-24
-24
-24
-24
-24
-24
-24
-24
-24
-24
-24
-24
-24
-24
-24
-24
-24
-24
-24
-24
-24
-24
-24
-24
-24
-24
-24
-24
-24
-24
-24
-24
-24
-24
-24
-24
-24
-24
-24
-24
-24
-24
-24
-24
-24
-24
-24
-24
-24
-24
-24
-24
-24
-24
-24
-24
-24
-24
-24
-24
-24
-24
-24
-24
-24
-24
-24
-24
-24
-24
-24
-24
-24
-24
-24
-24
-24
-24
-24
-24
-24
-24
-24
-24
-24
-24
-24
-24
-24
-24
-24
-24
-24
-24
-24
-24
-24
-24
-24
-24
-24
-24
-24
-24
-24
-24
-24
-24
-24
-24
-24
-24
-24
-24
-24
-24
-24
-24
-24
-24
-24
-24
-24
-24
-24
-24
-24
-24
-24
-24
-24
-24
-24
-24
-24
-24
-24
-24
-24
-24
-24
-24
-24
-24
-24
-24
-24
-24
-24
-24
-24
-24
-24
-24
-24
-24
-24
-24
-24
-24
-24
-24
-24
-24
-24
-24
-24
-24
-24
-24
-24
-24
-24
-24
-24
-24
-24
-24
-24
-24
-24
-24
-24
-24
-24
-24
-24
-24
-24
-24
-24
-24
-24
-24
-24
-24
-24
-24
-24
-24
-24
-24
-24
-24
-24
-24
-24
-24
-24
-24
-24
-24
-24
-24
-24
-24
-24
-24
-24
-24
-24
-24
-24
-24
-24
-24
-24
-24
-24
-24
-24
-24
-24
-24
-24
-24
-24
-24
-24
-24
-24
-24
-24
-24
-24
-24
-24
-24
-24
-24
-24
-24
-24
-24
-24
-24
-24
-24
-24
-24
-24
-24
-24
-24
-24
-24
-24
-24
-24
-24
-24
-24
-24
-24
-24
-24
-24
-24
-24
-24
-24
-24
-24
-24
-24
-24
-24
-24
-24
-24
-24
-24
-24
-24
-24
-24
-24
-24
-24
-24
-24
-24
-24
-24
-24
-24
-24
-24
-24
-24
-24
-24
-24
-24
-24
-24
-24
-24
-24
-24
-24
-24
-24
-24
-24
-24
-24
-24
-24
-24
-24
-24
-24
-24
-24
-24
-24
-24
-24
-24
-24
-24
-24
-24
-24
-24
-24
-24
-24
-24
-24
-24
-24
-24
-24
-24
-24
-24
-24
-24
-24
-24
-24
-24
-24
-24
-24
-24
-24
-24
-24
-24
-24
-24
-24
-24
-24
-24
-24
-24
-24
-24
-24
-24
-24
-24
-24
-24
-24
-24
-24
-24
-24
-24
-24
-24
-24
-24
-24
-24
-24
-24
-24
-24
-24
-24
-24
-24
-24
-24
-24
-24
-24
-24
-24
-24
-24
-24
-24
-24
-24
-24
-24
-24
-24
-24
-24
-24
-24
-24
-24
-24
-24
-24
-24
-24
-24
-24
-24
-24
-24
-24
-24
-24
-24
-24
-24
-24
-24
-24
-24
-24
-24
-24
-24
-24
-24
-24
-24
-24
-24
-24
-24
-24
-24
-24
-24
-24
-24
-24
-24
-24
-24
-24
-24
-24
-24
-24
-24
-24
-24
-24
-24
-24
-24
-24
-24
-24
-24
-24
-24
-24
-24
-24
-24
-24
-24
-24
-24
-24
-24
-24
-24
-24
-24
-24
-24
-24
-24
-24
-24
-24
-24
-24
-24
-24
-24
-24
-24
-24
-24
-24
-24
-24
-24
-24
-24
-24
-24
-24
-24
-24
-24
-24
-24
-24
-24
-24
-24
-24
-24
-24
-24
-24
-24
-24
-24
-24
-24
-24
-24
-24
-24
-24
